1 0.364961 0.0389459 4 1 0
1.01543 0.363398 0.0389476 3 1 0
1.03328 0.361706 0.0389492 3 1 0
1.05025 0.360158 0.0389511 3 1 0
1.06854 0.35857 0.038953 3 1 0
1.08629 0.35711 0.038955 3 1 0
1.10593 0.355602 0.0389586 3 1 0
1.12765 0.354035 0.0389593 3 1 0
1.15164 0.352435 0.038961 3 1 0
1.1781 0.350823 0.0389634 3 1 0
1.2046 0.349371 0.0389656 3 1 0
1.23373 0.347956 0.0389689 3 1 0
1.26283 0.346721 0.0389723 3 1 0
1.29184 0.34568 0.038973 3 1 0
1.32073 0.344821 0.0389743 3 1 0
1.34948 0.344162 0.0389777 3 1 0
1.37806 0.343659 0.0389784 3 1 0
1.40644 0.343326 0.0389794 3 1 0
1.43459 0.343159 0.038982 3 1 0
1.46251 0.343158 0.0389846 3 1 0
1.49015 0.343317 0.0389863 3 1 0
1.51749 0.343626 0.0389863 3 1 0
1.54452 0.344094 0.0389887 3 1 0
1.5712 0.344709 0.0389887 3 1 0
1.59753 0.345459 0.038987 3 1 0
1.62347 0.346359 0.0389874 3 1 0
1.649 0.347393 0.0389879 3 1 0
1.6741 0.348557 0.0389889 3 1 0
1.69875 0.349842 0.0389887 3 1 0
1.72293 0.351245 0.0389887 3 1 0
1.74663 0.352752 0.0389895 3 1 0
1.76983 0.354372 0.0389903 3 1 0
1.7925 0.356109 0.0389912 3 1 0
1.81464 0.357961 0.0389921 3 1 0
1.83624 0.359878 0.038992 3 1 0
1.85728 0.361875 0.0389912 3 1 0
1.87775 0.363973 0.0389902 3 1 0
1.89765 0.366124 0.0389897 3 1 0
1.91698 0.368334 0.0389894 3 1 0
1.93572 0.370635 0.0389923 3 1 0
1.95388 0.372964 0.0389915 3 1 0
1.97146 0.37533 0.0389908 3 1 0
1.97991 0.376514 0.0389927 3 1 0
1.98813 0.377686 0.0389923 3 1 0
1.99702 0.379 0.0389919 3 1 0
2.00574 0.380356 0.0389911 3 1 0
2.01429 0.381677 0.0389908 3 1 0
2.02267 0.382999 0.0389906 3 1 0
2.03088 0.38436 0.038993 3 1 0
2.03891 0.385702 0.0389927 3 1 0
2.04678 0.387043 0.0389924 3 1 0
2.05449 0.388356 0.0389904 3 1 0
2.06203 0.389723 0.0389907 3 1 0
2.06941 0.391085 0.0389912 3 1 0
2.07664 0.392403 0.0389909 3 1 0
2.0837 0.393727 0.0389912 3 1 0
2.09061 0.395073 0.0389916 3 1 0
2.09737 0.396448 0.0389919 3 1 0
2.10398 0.397766 0.0389919 3 1 0
2.11044 0.399083 0.0389921 3 1 0
2.11675 0.400483 0.0389943 3 1 0
2.12292 0.401797 0.0389942 3 1 0
2.12895 0.403098 0.0389941 3 1 0
2.13484 0.404457 0.0389959 3 1 0
2.1406 0.405762 0.038997 3 1 0
2.14622 0.407053 0.0389983 3 1 0
2.15171 0.408351 0.0389969 3 1 0
2.15707 0.409651 0.038998 3 1 0
2.16231 0.410934 0.0389994 3 1 0
2.16742 0.412206 0.038999 3 1 0
2.17241 0.413463 0.0389992 3 1 0
2.17728 0.414701 0.0389991 3 1 0
2.18204 0.415962 0.039 3 1 0
2.18668 0.417181 0.0389999 3 1 0
2.19121 0.418378 0.0389998 3 1 0
2.19563 0.419593 0.0389982 3 1 0
2.19995 0.420765 0.0389988 3 1 0
2.20416 0.421997 0.0389994 3 1 0
2.20826 0.423172 0.0389999 3 1 0
2.21227 0.424304 0.0390002 3 1 0
2.21618 0.425503 0.0390007 3 1 0
2.21999 0.426616 0.039001 3 1 0
2.22371 0.42778 0.0390016 3 1 0
2.22733 0.428937 0.0390023 3 1 0
2.23087 0.430038 0.0390029 3 1 0
2.23432 0.431162 0.0390034 3 1 0
2.23768 0.43226 0.039004 3 1 0
2.24096 0.433305 0.0390081 3 1 0
2.24416 0.434394 0.0390079 3 1 0
2.24727 0.435454 0.0390078 3 1 0
2.25031 0.436439 0.039006 3 1 0
2.25328 0.437502 0.0390065 3 1 0
2.25616 0.438536 0.0390072 3 1 0
2.25898 0.439541 0.0390106 3 1 0
2.26172 0.440519 0.0390112 3 1 0
2.26439 0.441468 0.0390111 3 1 0
2.267 0.442417 0.0390091 3 1 0
2.26954 0.44341 0.0390097 3 1 0
2.27201 0.444371 0.0390104 3 1 0
2.27442 0.445275 0.039014 3 1 0
2.27677 0.446216 0.0390138 3 1 0
2.27906 0.447125 0.0390137 3 1 0
2.28129 0.448014 0.0390124 3 1 0
2.28346 0.448871 0.0390133 3 1 0
2.28557 0.449698 0.0390144 3 1 0
2.28763 0.450547 0.0390135 3 1 0
2.28964 0.451438 0.0390141 3 1 0
2.29159 0.452295 0.039015 3 1 0
2.29349 0.453083 0.0390151 3 1 0
2.29534 0.45392 0.0390156 3 1 0
2.29714 0.454724 0.0390162 3 1 0
2.2989 0.455501 0.0390204 3 1 0
2.30061 0.456246 0.039021 3 1 0
2.30227 0.457007 0.0390205 3 1 0
2.30388 0.457791 0.0390188 3 1 0
2.30546 0.458509 0.0390187 3 1 0
2.30699 0.459209 0.0390187 3 1 0
2.30772 0.459554 0.0390195 3 1 0
2.30843 0.459916 0.03902 3 1 0
2.30919 0.460306 0.0390206 3 1 0
2.30995 0.460687 0.03902 3 1 0
2.3107 0.461056 0.03902 3 1 0
2.31143 0.461416 0.0390201 3 1 0
2.31216 0.461775 0.0390197 3 1 0
2.31287 0.462122 0.0390199 3 1 0
2.31357 0.46246 0.03902 3 1 0
2.31427 0.462839 0.0390229 3 1 0
2.31495 0.46318 0.0390227 3 1 0
2.31562 0.463513 0.0390225 3 1 0
2.31628 0.463851 0.0390216 3 1 0
2.31693 0.46417 0.0390222 3 1 0
2.31757 0.464489 0.0390228 3 1 0
2.3182 0.464849 0.0390235 3 1 0
2.31883 0.465157 0.0390232 3 1 0
2.31944 0.465473 0.039023 3 1 0
2.32004 0.46582 0.0390255 3 1 0
2.32064 0.466156 0.0390265 3 1 0
2.32122 0.466483 0.0390276 3 1 0
2.3218 0.466777 0.0390225 3 1 0
2.32236 0.467101 0.0390226 3 1 0
2.32292 0.467416 0.0390227 3 1 0
2.32347 0.467699 0.0390226 3 1 0
2.32401 0.468015 0.0390228 3 1 0
2.32454 0.46832 0.039023 3 1 0
2.32506 0.46861 0.0390231 3 1 0
2.32558 0.468909 0.0390234 3 1 0
2.32609 0.469198 0.0390237 3 1 0
2.32659 0.469486 0.0390241 3 1 0
2.32708 0.469768 0.039024 3 1 0
2.32756 0.47004 0.0390239 3 1 0
2.32803 0.470291 0.0390241 3 1 0
2.3285 0.470586 0.0390244 3 1 0
2.32896 0.470872 0.0390248 3 1 0
2.32941 0.471114 0.0390247 3 1 0
2.32986 0.471381 0.0390251 3 1 0
2.3303 0.471664 0.0390256 3 1 0
2.33073 0.47194 0.0390246 3 1 0
2.33115 0.472199 0.0390246 3 1 0
2.33157 0.47245 0.0390247 3 1 0
2.33198 0.472672 0.0390272 3 1 0
2.33238 0.472942 0.0390269 3 1 0
2.33278 0.473202 0.0390265 3 1 0
2.33317 0.473435 0.039027 3 1 0
2.33355 0.47366 0.0390267 3 1 0
2.33393 0.473905 0.0390264 3 1 0
2.33429 0.474157 0.0390255 3 1 0
2.33466 0.474375 0.0390255 3 1 0
2.33502 0.474606 0.0390256 3 1 0
2.33537 0.474864 0.0390282 3 1 0
2.33571 0.475097 0.0390291 3 1 0
2.33605 0.47532 0.0390301 3 1 0
2.33638 0.475521 0.0390265 3 1 0
2.33671 0.475721 0.0390269 3 1 0
2.33703 0.475943 0.0390275 3 1 0
2.33735 0.476151 0.0390283 3 1 0
2.33766 0.476377 0.0390292 3 1 0
2.33796 0.476602 0.0390302 3 1 0
2.33826 0.476819 0.0390328 3 1 0
2.33855 0.477016 0.039033 3 1 0
2.33884 0.477204 0.0390322 3 1 0
2.33912 0.477415 0.0390279 3 1 0
2.3394 0.477621 0.0390285 3 1 0
2.33967 0.477817 0.0390293 3 1 0
2.33994 0.478007 0.0390269 3 1 0
2.3402 0.478188 0.0390271 3 1 0
2.34046 0.478365 0.0390273 3 1 0
2.34071 0.478565 0.0390288 3 1 0
2.34096 0.478735 0.0390296 3 1 0
2.3412 0.478923 0.0390305 3 1 0
2.34144 0.479111 0.0390282 3 1 0
2.34167 0.479286 0.0390288 3 1 0
2.3419 0.479453 0.0390296 3 1 0
2.34213 0.47963 0.0390331 3 1 0
2.34235 0.479792 0.0390323 3 1 0
2.34256 0.479947 0.0390316 3 1 0
2.34277 0.48013 0.0390298 3 1 0
2.34298 0.480289 0.0390293 3 1 0
2.34318 0.48044 0.0390289 3 1 0
2.34338 0.480596 0.0390306 3 1 0
2.34358 0.480752 0.03903 3 1 0
1 0.364961 0.0389459 4 1 0
0.984908 0.366544 0.0389442 3 1 0
0.968518 0.368341 0.0389425 3 1 0
0.950996 0.370346 0.0389405 3 1 0
0.934132 0.372351 0.0389386 3 1 0
0.918029 0.374343 0.0389367 3 1 0
0.902816 0.376303 0.0389357 3 1 0
0.88862 0.378211 0.0389335 3 1 0
0.875547 0.38003 0.0389336 3 1 0
0.863677 0.381708 0.0389319 3 1 0
0.85305 0.38327 0.0389296 3 1 0
0.843663 0.384678 0.0389288 3 1 0
0.835473 0.385927 0.0389282 3 1 0
0.828407 0.387015 0.0389281 3 1 0
0.822368 0.387956 0.038926 3 1 0
0.817252 0.38878 0.0389263 3 1 0
0.81295 0.389467 0.0389264 3 1 0
0.809355 0.390044 0.0389247 3 1 0
0.806368 0.390525 0.0389246 3 1 0
0.8039 0.390923 0.038925 3 1 0
0.802888 0.391087 0.038924 3 1 0
0.802001 0.391218 0.0389244 3 1 0
0.801193 0.39135 0.038924 3 1 0
0.800459 0.391471 0.0389254 3 1 0
0.79979 0.391588 0.0389267 3 1 0
0.799183 0.391688 0.0389239 3 1 0
0.798631 0.391778 0.0389237 3 1 0
0.79813 0.391811 0.0389246 3 1 0
0.797675 0.391879 0.0389236 3 1 0
0.797263 0.391946 0.0389252 3 1 0
0.796889 0.392022 0.0389272 3 1 0
0.796551 0.392079 0.0389238 3 1 0
0.796244 0.392131 0.0389236 3 1 0
0.795967 0.392214 0.0389243 3 1 0
0.795716 0.392255 0.0389245 3 1 0
0.795489 0.392292 0.0389234 3 1 0
0.795284 0.392314 0.0389246 3 1 0
0.795098 0.392341 0.0389232 3 1 0
0.79493 0.392364 0.0389251 3 1 0
0.794778 0.392365 0.0389243 3 1 0
0.794641 0.392386 0.0389244 3 1 0
0.794517 0.39241 0.0389233 3 1 0
0.794405 0.392451 0.0389229 3 1 0
0.794304 0.39247 0.0389244 3 1 0
0.794212 0.392488 0.0389267 3 1 0
0.794129 0.392512 0.0389235 3 1 0
0.794054 0.392523 0.0389243 3 1 0
0.793986 0.392532 0.0389235 3 1 0
0.793925 0.392546 0.0389234 3 1 0
0.793869 0.392555 0.0389242 3 1 0
0.793818 0.392563 0.0389244 3 1 0
0.793773 0.392552 0.0389237 3 1 0
0.793731 0.392553 0.0389283 3 1 0
0.793693 0.392552 0.0389234 3 1 0
0.793659 0.392569 0.038924 3 1 0
0.793628 0.392578 0.0389235 3 1 0
0.793599 0.392586 0.0389245 3 1 0
0.793574 0.392575 0.0389239 3 1 0
0.79355 0.39257 0.0389239 3 1 0
0.793529 0.392563 0.0389241 3 1 0
0.793509 0.39257 0.0389229 3 1 0
0.793492 0.392561 0.0389246 3 1 0
0.793475 0.392566 0.0389245 3 1 0
0.793461 0.392622 0.038924 3 1 0
0.793447 0.392624 0.0389238 3 1 0
0.793435 0.392624 0.0389232 3 1 0
0.793423 0.392609 0.0389248 3 1 0
0.793413 0.392603 0.0389239 3 1 0
0.793404 0.392594 0.0389236 3 1 0
0.793395 0.392631 0.038924 3 1 0
0.793387 0.39263 0.0389247 3 1 0
0.79338 0.392627 0.0389231 3 1 0
0.793373 0.3926 0.0389236 3 1 0
0.793367 0.392609 0.0389243 3 1 0
0.793365 0.392612 0.0389279 3 1 0
0.793362 0.392634 0.0389273 3 1 0
0.79336 0.392632 0.0389239 3 1 0
0.793358 0.39263 0.0389231 3 1 0
0.793356 0.392633 0.0389238 3 1 0
0.793353 0.392631 0.0389251 3 1 0
0.793351 0.392629 0.0389233 3 1 0
0.79335 0.392635 0.0389236 3 1 0
0.793348 0.392637 0.0389257 3 1 0
0.793346 0.392638 0.0389238 3 1 0
0.793344 0.39264 0.0389236 3 1 0
0.793343 0.392641 0.0389259 3 1 0
0.793341 0.392641 0.0389244 3 1 0
0.79334 0.392625 0.0389252 3 1 0
0.793338 0.392622 0.0389228 3 1 0
0.793337 0.392617 0.0389234 3 1 0
0.793336 0.392631 0.0389293 3 1 0
0.793334 0.392633 0.0389243 3 1 0
0.793333 0.392635 0.0389231 3 1 0
0.793332 0.392594 0.0389254 3 1 0
0.793331 0.392585 0.0389236 3 1 0
0.79333 0.392576 0.038924 3 1 0
0.793329 0.392616 0.0389261 3 1 0
0.793328 0.392609 0.0389233 3 1 0
0.793327 0.392602 0.0389243 3 1 0
0.793326 0.392598 0.0389237 3 1 0
0.793325 0.392603 0.0389227 3 1 0
0.793325 0.392607 0.0389255 3 1 0
0.793324 0.39261 0.0389272 3 1 0
0.793323 0.392614 0.0389233 3 1 0
0.793322 0.392618 0.0389239 3 1 0
0.793322 0.392643 0.0389284 3 1 0
0.793321 0.392644 0.0389235 3 1 0
0.793321 0.392645 0.0389237 3 1 0
0.79332 0.392622 0.0389249 3 1 0
0.793319 0.392626 0.0389243 3 1 0
0.793319 0.39263 0.0389236 3 1 0
0.793318 0.392634 0.038925 3 1 0
0.793318 0.392637 0.0389248 3 1 0
0.793317 0.39264 0.0389227 3 1 0
0.793317 0.392641 0.0389248 3 1 0
0.793317 0.392638 0.0389235 3 1 0
0.793316 0.392633 0.0389251 3 1 0
0.793316 0.392645 0.0389237 3 1 0
0.793315 0.392643 0.0389252 3 1 0
0.793315 0.39264 0.0389238 3 1 0
0.793315 0.392602 0.0389223 3 1 0
0.793315 0.392608 0.0389258 3 1 0
0.793314 0.392615 0.0389262 3 1 0
0.793314 0.392591 0.0389232 3 1 0
0.793314 0.392593 0.0389256 3 1 0
0.793313 0.392601 0.0389234 3 1 0
0.793313 0.392644 0.0389236 3 1 0
0.793313 0.392645 0.0389261 3 1 0
0.793313 0.392647 0.0389229 3 1 0
0.793313 0.392604 0.0389274 3 1 0
0.793313 0.392607 0.0389249 3 1 0
0.793312 0.39261 0.0389235 3 1 0
0.793312 0.392621 0.0389223 3 1 0
0.793312 0.392624 0.0389234 3 1 0
0.793312 0.392626 0.0389265 3 1 0
0.793312 0.392639 0.0389252 3 1 0
0.793312 0.392641 0.0389296 3 1 0
0.793312 0.392642 0.0389253 3 1 0
0.793312 0.39262 0.0389223 3 1 0
0.793312 0.392614 0.0389238 3 1 0
0.793312 0.392609 0.0389275 3 1 0
0.793312 0.392577 0.0389237 3 1 0
0.793312 0.392568 0.0389233 3 1 0
0.793312 0.392562 0.0389255 3 1 0
0.793312 0.392645 0.0389235 3 1 0
0.793312 0.392646 0.0389247 3 1 0
0.793312 0.392646 0.0389282 3 1 0
0.793311 0.392608 0.0389237 3 1 0
0.793311 0.392601 0.038926 3 1 0
0.793311 0.392593 0.0389256 3 1 0
0.793311 0.392644 0.0389243 3 1 0
0.793311 0.392643 0.0389278 3 1 0
0.793311 0.392641 0.0389239 3 1 0
0.793311 0.3926 0.0389285 3 1 0
0.793311 0.392605 0.0389235 3 1 0
0.793311 0.392608 0.0389227 3 1 0
0.793311 0.392645 0.0389276 3 1 0
0.793311 0.392644 0.038923 3 1 0
0.793311 0.392642 0.0389229 3 1 0
0.793311 0.392612 0.0389224 3 1 0
0.793311 0.392616 0.0389237 3 1 0
0.793311 0.392621 0.0389286 3 1 0
0.793311 0.392644 0.0389276 3 1 0
0.793311 0.392642 0.0389269 3 1 0
0.793311 0.392639 0.0389232 3 1 0
0.793311 0.392635 0.0389245 3 1 0
0.793311 0.39263 0.0389241 3 1 0
0.793311 0.392624 0.0389241 3 1 0
0.793311 0.392627 0.0389247 3 1 0
0.793311 0.392621 0.0389251 3 1 0
0.793311 0.392612 0.0389235 3 1 0
0.793311 0.392634 0.0389232 3 1 0
0.793311 0.392628 0.0389266 3 1 0
0.793311 0.392621 0.0389236 3 1 0
0.793311 0.392556 0.0389237 3 1 0
0.793311 0.392563 0.0389277 3 1 0
0.793311 0.39257 0.0389234 3 1 0
0.793311 0.392639 0.038926 3 1 0
0.793311 0.392634 0.0389238 3 1 0
0.793311 0.392628 0.0389262 3 1 0
0.793311 0.392594 0.0389232 3 1 0
0.793311 0.392578 0.0389263 3 1 0
0.793311 0.392558 0.0389239 3 1 0
0.79331 0.392645 0.0389279 3 1 0
0.79331 0.392646 0.0389231 3 1 0
0.79331 0.392646 0.0389244 3 1 0
0.79331 0.392646 0.0389266 3 1 0
0.79331 0.392646 0.0389266 3 1 0
0.79331 0.392646 0.038924 3 1 0
0.79331 0.392646 0.0389267 3 1 0
0.79331 0.392646 0.0389237 3 1 0
0.79331 0.392646 0.0389232 3 1 0
0.79331 0.392633 0.038928 3 1 0
0.79331 0.392635 0.0389251 3 1 0
0.79331 0.392637 0.0389236 3 1 0
0.79331 0.392611 0.0389237 3 1 0
0.79331 0.392605 0.0389265 3 1 0
0.79331 0.392598 0.0389243 3 1 0
0.79331 0.392622 0.0389245 3 1 0
0.79331 0.392625 0.0389238 3 1 0
10 0.936967 0.936967 2 1 0
9.96 0.936696 0.936696 1 1 0
9.92 0.936422 0.936422 1 1 0
9.84 0.935867 0.935867 1 1 0
9.74001 0.93516 0.93516 1 1 0
9.64001 0.934436 0.934436 1 1 0
9.54001 0.933697 0.933697 1 1 0
9.44001 0.93294 0.93294 1 1 0
9.34002 0.932166 0.932166 1 1 0
9.24002 0.931374 0.931374 1 1 0
9.14002 0.930563 0.930563 1 1 0
9.04003 0.929732 0.929732 1 1 0
8.94003 0.928881 0.928881 1 1 0
8.84003 0.928009 0.928009 1 1 0
8.74004 0.927115 0.927115 1 1 0
8.64004 0.926199 0.926199 1 1 0
8.54005 0.925259 0.925259 1 1 0
8.44005 0.924295 0.924295 1 1 0
8.34006 0.923305 0.923305 1 1 0
8.24006 0.922289 0.922289 1 1 0
8.14007 0.921246 0.921246 1 1 0
8.04007 0.920173 0.920173 1 1 0
7.94008 0.919071 0.919071 1 1 0
7.84009 0.917938 0.917938 1 1 0
7.74009 0.916772 0.916772 1 1 0
7.6401 0.915573 0.915573 1 1 0
7.54011 0.914338 0.914338 1 1 0
7.44012 0.913066 0.913066 1 1 0
7.34012 0.911755 0.911755 1 1 0
7.24013 0.910404 0.910404 1 1 0
7.14014 0.90901 0.90901 1 1 0
7.04015 0.907572 0.907572 1 1 0
6.94016 0.906087 0.906087 1 1 0
6.84018 0.904553 0.904553 1 1 0
6.74019 0.902967 0.902967 1 1 0
6.6402 0.901327 0.901327 1 1 0
6.54022 0.89963 0.89963 1 1 0
6.44023 0.897873 0.897873 1 1 0
6.34025 0.896052 0.896052 1 1 0
6.24027 0.894164 0.894164 1 1 0
6.14029 0.892205 0.892205 1 1 0
6.04031 0.890171 0.890171 1 1 0
5.94033 0.888057 0.888057 1 1 0
5.84035 0.885859 0.885859 1 1 0
5.74038 0.883571 0.883571 1 1 0
5.64041 0.881187 0.881187 1 1 0
5.54044 0.878702 0.878702 1 1 0
5.44047 0.876109 0.876109 1 1 0
5.34051 0.873399 0.873399 1 1 0
5.24055 0.870565 0.870565 1 1 0
5.14059 0.867598 0.867598 1 1 0
5.04064 0.864488 0.864488 1 1 0
4.94069 0.861224 0.861224 1 1 0
4.84075 0.857794 0.857794 1 1 0
4.74082 0.854184 0.854184 1 1 0
4.64089 0.85038 0.85038 1 1 0
4.54097 0.846364 0.846364 1 1 0
4.44106 0.842117 0.842117 1 1 0
4.34116 0.837619 0.837619 1 1 0
4.24128 0.832845 0.832845 1 1 0
4.14141 0.827767 0.827767 1 1 0
4.04156 0.822353 0.822353 1 1 0
3.94172 0.816567 0.816567 1 1 0
3.84192 0.810367 0.810367 1 1 0
3.74214 0.803701 0.803701 1 1 0
3.6424 0.796512 0.796512 1 1 0
3.5427 0.788729 0.788729 1 1 0
3.44306 0.780267 0.780267 1 1 0
3.34349 0.771021 0.771021 1 1 0
3.24401 0.760863 0.760863 1 1 0
3.14465 0.749627 0.749627 1 1 0
3.04544 0.737101 0.737101 1 1 0
2.94645 0.722998 0.722998 1 1 0
2.84776 0.706923 0.706923 1 1 0
2.74952 0.688296 0.688296 1 1 0
2.65201 0.666209 0.666209 1 1 0
2.55579 0.639081 0.639081 1 1 0
2.46236 0.603647 0.603647 1 1 0
2.37787 0.550579 0.550579 1 1 0
2.36569 0.452811 0.452811 2 1 0
2.44552 0.394367 0.394367 2 1 0
2.53746 0.356866 0.356866 2 1 0
2.63278 0.328589 0.328589 2 1 0
2.72961 0.305754 0.305754 2 1 0
2.82729 0.286599 0.286599 2 1 0
2.92548 0.270134 0.270134 2 1 0
3.02402 0.255735 0.255735 2 1 0
3.1228 0.242978 0.242978 2 1 0
3.22176 0.231562 0.231562 2 1 0
3.32086 0.22126 0.22126 2 1 0
3.42005 0.211901 0.211901 2 1 0
3.51933 0.203349 0.203349 2 1 0
3.61867 0.195495 0.195495 2 1 0
3.71806 0.188251 0.188251 2 1 0
3.81749 0.181543 0.181543 2 1 0
3.91696 0.175309 0.175309 2 1 0
4.01646 0.169499 0.169499 2 1 0
4.11598 0.164067 0.164067 2 1 0
4.21552 0.158977 0.158977 2 1 0
4.31507 0.154196 0.154196 2 1 0
4.41464 0.149694 0.149694 2 1 0
4.51423 0.145447 0.145447 2 1 0
4.61382 0.141432 0.141432 2 1 0
4.71342 0.137631 0.137631 2 1 0
4.81303 0.134027 0.134027 2 1 0
4.91265 0.130602 0.130602 2 1 0
5.01227 0.127345 0.127345 2 1 0
5.1119 0.124241 0.124241 2 1 0
5.21153 0.121281 0.121281 2 1 0
5.31117 0.118454 0.118454 2 1 0
5.41081 0.11575 0.11575 2 1 0
5.51045 0.113162 0.113162 2 1 0
5.61009 0.110682 0.110682 2 1 0
5.70973 0.108302 0.108302 2 1 0
5.80937 0.106017 0.106017 2 1 0
5.90902 0.103821 0.103821 2 1 0
6.00866 0.101707 0.101707 2 1 0
6.1083 0.099672 0.099672 2 1 0
6.20795 0.0977102 0.0977102 2 1 0
6.30759 0.0958177 0.0958177 2 1 0
6.40723 0.0939905 0.0939905 2 1 0
6.50687 0.0922249 0.0922249 2 1 0
6.60651 0.0905175 0.0905175 2 1 0
6.70615 0.088865 0.088865 2 1 0
6.80578 0.0872645 0.0872645 2 1 0
6.90541 0.0857131 0.0857131 2 1 0
7.00504 0.0842082 0.0842082 2 1 0
7.10466 0.0827473 0.0827473 2 1 0
7.20428 0.081328 0.081328 2 1 0
7.3039 0.079948 0.079948 2 1 0
7.40351 0.0786054 0.0786054 2 1 0
7.50312 0.0772979 0.0772979 2 1 0
7.60272 0.0760237 0.0760237 2 1 0
7.70231 0.0747809 0.0747809 2 1 0
7.8019 0.0735676 0.0735676 2 1 0
7.90147 0.0723822 0.0723822 2 1 0
8.00104 0.0712228 0.0712228 2 1 0
8.1006 0.0700877 0.0700877 2 1 0
8.20015 0.0689751 0.0689751 2 1 0
8.29969 0.0678835 0.0678835 2 1 0
8.39921 0.0668109 0.0668109 2 1 0
8.49871 0.0657555 0.0657555 2 1 0
8.5982 0.0647153 0.0647153 2 1 0
8.69766 0.0636881 0.0636881 2 1 0
8.7971 0.0626715 0.0626715 2 1 0
8.8965 0.0616628 0.0616628 2 1 0
8.99586 0.0606587 0.0606587 2 1 0
9.09518 0.0596552 0.0596552 2 1 0
9.19443 0.0586471 0.0586471 2 1 0
9.2936 0.0576274 0.0576274 2 1 0
9.39264 0.0565859 0.0565859 2 1 0
9.49151 0.0555067 0.0555067 2 1 0
9.59007 0.0543613 0.0543613 2 1 0
9.68799 0.0530882 0.0530882 2 1 0
9.78384 0.0514808 0.0514808 2 1 0
9.82525 0.0501251 0.0501251 2 1 0
9.81879 0.0491402 0.0491402 2 1 0
9.79821 0.0486376 0.0486376 2 1 0
9.77325 0.0482684 0.0482684 2 1 0
9.74489 0.0479623 0.0479623 2 1 0
9.71318 0.0476938 0.0476938 2 1 0
9.67796 0.0474505 0.0474505 2 1 0
9.63899 0.0472258 0.0472258 2 1 0
9.58024 0.0469467 0.0469467 2 1 0
9.50188 0.0466494 0.0466494 1 1 0
9.41317 0.0463823 0.0463823 1 1 0
9.31507 0.0461468 0.0461468 1 1 0
9.21688 0.0459573 0.0459573 1 1 0
9.11863 0.0458037 0.0458037 1 1 0
9.02034 0.0456794 0.0456794 1 1 0
8.92204 0.0455798 0.0455798 1 1 0
8.82374 0.0455017 0.0455017 1 1 0
8.72545 0.0454428 0.0454428 1 1 0
8.62716 0.0454015 0.0454015 1 1 0
8.52889 0.0453765 0.0453765 1 1 0
8.43064 0.0453669 0.0453669 1 1 0
8.3324 0.0453721 0.0453721 1 1 0
8.23417 0.0453918 0.0453918 1 1 0
8.13596 0.0454257 0.0454257 1 1 0
8.03777 0.0454738 0.0454738 1 1 0
7.93958 0.045536 0.045536 1 1 0
7.8414 0.0456127 0.0456127 1 1 0
7.74322 0.0457041 0.0457041 1 1 0
7.64504 0.0458105 0.0458105 1 1 0
7.54685 0.0459324 0.0459324 1 1 0
7.44865 0.0460705 0.0460705 1 1 0
7.35043 0.0462253 0.0462253 1 1 0
7.25219 0.0463975 0.0463975 1 1 0
7.15392 0.0465879 0.0465879 1 1 0
7.13799 0.0466205 0.0466205 1 1 0
7.03969 0.046833 0.046833 2 1 0
6.94135 0.0470655 0.0470655 2 1 0
6.84298 0.047319 0.047319 2 1 0
6.74456 0.0475943 0.0475943 2 1 0
6.64609 0.0478924 0.0478924 2 1 0
6.54758 0.0482144 0.0482144 2 1 0
6.44902 0.0485613 0.0485613 2 1 0
6.35042 0.0489341 0.0489341 2 1 0
6.25177 0.0493338 0.0493338 2 1 0
6.15308 0.0497615 0.0497615 2 1 0
2.36569 0.452811 0.452811 2 2 0
2.77048 0.0944439 0.0944439 2 2 0
2.77048 0.0944439 0.0944439 2 2 0
2.36569 0.452811 0.452811 2 2 0
2.35074 0.507413 0.507413 2 2 0
2.35802 0.5258 0.5258 1 2 0
2.3696 0.541924 0.541924 1 2 0
2.38373 0.555941 0.555941 1 2 0
2.40102 0.569425 0.569425 1 2 0
2.42134 0.582465 0.582465 1 2 0
2.44469 0.595158 0.595158 1 2 0
2.47116 0.607591 0.607591 1 2 0
2.50092 0.619829 0.619829 1 2 0
2.5342 0.631927 0.631927 1 2 0
2.57126 0.643923 0.643923 1 2 0
2.61243 0.655845 0.655845 1 2 0
2.65805 0.667711 0.667711 1 2 0
2.70855 0.679533 0.679533 1 2 0
2.76438 0.691316 0.691316 1 2 0
2.82603 0.703057 0.703057 1 2 0
2.89407 0.714751 0.714751 1 2 0
2.96912 0.726389 0.726389 1 2 0
3.05185 0.737955 0.737955 1 2 0
3.14303 0.749434 0.749434 1 2 0
3.24239 0.760688 0.760688 1 2 0
3.34187 0.770863 0.770863 1 2 0
3.44144 0.780122 0.780122 1 2 0
3.54108 0.788597 0.788597 1 2 0
3.64077 0.79639 0.79639 1 2 0
3.74051 0.803588 0.803588 1 2 0
3.84029 0.810262 0.810262 1 2 0
3.94009 0.816469 0.816469 1 2 0
4.03992 0.822262 0.822262 1 2 0
4.13978 0.827681 0.827681 1 2 0
4.23965 0.832764 0.832764 1 2 0
4.33953 0.837543 0.837543 1 2 0
4.43943 0.842046 0.842046 1 2 0
4.53934 0.846296 0.846296 1 2 0
4.63926 0.850316 0.850316 1 2 0
4.73919 0.854123 0.854123 1 2 0
4.83912 0.857736 0.857736 1 2 0
4.93906 0.861169 0.861169 1 2 0
5.03901 0.864436 0.864436 1 2 0
5.13896 0.867548 0.867548 1 2 0
5.23892 0.870518 0.870518 1 2 0
5.33888 0.873354 0.873354 1 2 0
5.43884 0.876065 0.876065 1 2 0
5.53881 0.878661 0.878661 1 2 0
5.63877 0.881148 0.881148 1 2 0
5.73875 0.883533 0.883533 1 2 0
5.83872 0.885822 0.885822 1 2 0
5.9387 0.888022 0.888022 1 2 0
6.03867 0.890137 0.890137 1 2 0
6.13865 0.892172 0.892172 1 2 0
6.23863 0.894132 0.894132 1 2 0
6.33862 0.896022 0.896022 1 2 0
6.4386 0.897844 0.897844 1 2 0
6.53858 0.899602 0.899602 1 2 0
6.63857 0.9013 0.9013 1 2 0
6.73856 0.902941 0.902941 1 2 0
6.83854 0.904527 0.904527 1 2 0
6.93853 0.906062 0.906062 1 2 0
7.03852 0.907548 0.907548 1 2 0
7.13851 0.908987 0.908987 1 2 0
7.2385 0.910382 0.910382 1 2 0
7.33849 0.911734 0.911734 1 2 0
7.43848 0.913045 0.913045 1 2 0
7.53847 0.914317 0.914317 1 2 0
7.63847 0.915553 0.915553 1 2 0
7.73846 0.916753 0.916753 1 2 0
7.83845 0.917919 0.917919 1 2 0
7.93845 0.919053 0.919053 1 2 0
8.03844 0.920156 0.920156 1 2 0
8.13843 0.921228 0.921228 1 2 0
8.23843 0.922272 0.922272 1 2 0
8.33842 0.923289 0.923289 1 2 0
8.43842 0.924279 0.924279 1 2 0
8.53841 0.925244 0.925244 1 2 0
8.63841 0.926184 0.926184 1 2 0
8.73841 0.9271 0.9271 1 2 0
8.8384 0.927995 0.927995 1 2 0
8.9384 0.928867 0.928867 1 2 0
9.03839 0.929718 0.929718 1 2 0
9.13839 0.930549 0.930549 1 2 0
9.23839 0.931361 0.931361 1 2 0
9.33838 0.932153 0.932153 1 2 0
9.43838 0.932928 0.932928 1 2 0
9.53838 0.933685 0.933685 1 2 0
9.63838 0.934425 0.934425 1 2 0
9.73837 0.935148 0.935148 1 2 0
9.83837 0.935856 0.935856 1 2 0
9.93837 0.936548 0.936548 1 2 0
10.0384 0.937225 0.937225 1 2 0
10.1384 0.937888 0.937888 1 2 0
10.2384 0.938537 0.938537 1 2 0
10.3384 0.939173 0.939173 1 2 0
10.4384 0.939796 0.939796 1 2 0
10.5384 0.940405 0.940405 1 2 0
10.6384 0.941003 0.941003 1 2 0
10.7384 0.941589 0.941589 1 2 0
10.8384 0.942163 0.942163 1 2 0
10.9383 0.942726 0.942726 1 2 0
11.0383 0.943278 0.943278 1 2 0
11.1383 0.943819 0.943819 1 2 0
11.2383 0.94435 0.94435 1 2 0
11.3383 0.944872 0.944872 1 2 0
11.4383 0.945383 0.945383 1 2 0
11.5383 0.945885 0.945885 1 2 0
11.6383 0.946378 0.946378 1 2 0
11.7383 0.946862 0.946862 1 2 0
11.8383 0.947337 0.947337 1 2 0
11.9383 0.947804 0.947804 1 2 0
12.0383 0.948263 0.948263 1 2 0
12.1383 0.948713 0.948713 1 2 0
12.2383 0.949156 0.949156 1 2 0
12.3383 0.949591 0.949591 1 2 0
12.4383 0.950019 0.950019 1 2 0
12.5383 0.950439 0.950439 1 2 0
12.6383 0.950853 0.950853 1 2 0
12.7383 0.951259 0.951259 1 2 0
12.8383 0.951659 0.951659 1 2 0
12.9383 0.952053 0.952053 1 2 0
13.0383 0.95244 0.95244 1 2 0
13.1383 0.952821 0.952821 1 2 0
13.2383 0.953195 0.953195 1 2 0
13.3383 0.953564 0.953564 1 2 0
13.4383 0.953927 0.953927 1 2 0
13.5383 0.954285 0.954285 1 2 0
13.6383 0.954637 0.954637 1 2 0
13.7383 0.954983 0.954983 1 2 0
13.8383 0.955324 0.955324 1 2 0
13.9383 0.95566 0.95566 1 2 0
14.0383 0.955991 0.955991 1 2 0
14.1383 0.956318 0.956318 1 2 0
14.2383 0.956639 0.956639 1 2 0
14.3383 0.956956 0.956956 1 2 0
14.4383 0.957268 0.957268 1 2 0
14.5383 0.957575 0.957575 1 2 0
14.6383 0.957878 0.957878 1 2 0
14.7383 0.958177 0.958177 1 2 0
14.8383 0.958472 0.958472 1 2 0
14.9383 0.958762 0.958762 1 2 0
15.0383 0.959049 0.959049 1 2 0
15.1383 0.959331 0.959331 1 2 0
15.2383 0.95961 0.95961 1 2 0
15.3383 0.959884 0.959884 1 2 0
15.4383 0.960156 0.960156 1 2 0
15.5383 0.960423 0.960423 1 2 0
15.6383 0.960687 0.960687 1 2 0
15.7383 0.960947 0.960947 1 2 0
15.8383 0.961204 0.961204 1 2 0
15.9383 0.961458 0.961458 1 2 0
16.0383 0.961708 0.961708 1 2 0
16.1383 0.961955 0.961955 1 2 0
16.2383 0.962199 0.962199 1 2 0
16.3383 0.96244 0.96244 1 2 0
16.4383 0.962677 0.962677 1 2 0
16.5383 0.962912 0.962912 1 2 0
16.6383 0.963144 0.963144 1 2 0
16.7383 0.963373 0.963373 1 2 0
16.8383 0.963599 0.963599 1 2 0
16.9383 0.963822 0.963822 1 2 0
17.0383 0.964043 0.964043 1 2 0
17.1383 0.96426 0.96426 1 2 0
17.2383 0.964476 0.964476 1 2 0
17.3383 0.964688 0.964688 1 2 0
17.4383 0.964898 0.964898 1 2 0
17.5383 0.965106 0.965106 1 2 0
17.6383 0.965311 0.965311 1 2 0
17.7383 0.965514 0.965514 1 2 0
17.8383 0.965714 0.965714 1 2 0
17.9383 0.965913 0.965913 1 2 0
18.0383 0.966108 0.966108 1 2 0
18.1383 0.966302 0.966302 1 2 0
18.2383 0.966493 0.966493 1 2 0
18.3383 0.966683 0.966683 1 2 0
18.4383 0.96687 0.96687 1 2 0
18.5383 0.967055 0.967055 1 2 0
18.6383 0.967238 0.967238 1 2 0
18.7383 0.967419 0.967419 1 2 0
18.8383 0.967598 0.967598 1 2 0
18.9383 0.967775 0.967775 1 2 0
19.0383 0.96795 0.96795 1 2 0
19.1383 0.968123 0.968123 1 2 0
19.2383 0.968294 0.968294 1 2 0
19.3383 0.968463 0.968463 1 2 0
19.4383 0.968631 0.968631 1 2 0
19.5383 0.968797 0.968797 1 2 0
19.6383 0.968961 0.968961 1 2 0
19.7383 0.969124 0.969124 1 2 0
19.8383 0.969284 0.969284 1 2 0
19.9383 0.969443 0.969443 1 2 0
20.0383 0.969601 0.969601 1 2 0
20.1383 0.969757 0.969757 1 2 0
20.2383 0.969911 0.969911 1 2 0
20.3383 0.970063 0.970063 1 2 0
20.4383 0.970215 0.970215 1 2 0
20.5383 0.970364 0.970364 1 2 0
20.6383 0.970512 0.970512 1 2 0
20.7383 0.970659 0.970659 1 2 0
20.8383 0.970804 0.970804 1 2 0
20.9383 0.970948 0.970948 1 2 0
21.0383 0.97109 0.97109 1 2 0
9.8188 0.0491402 0.0491402 2 3 0
8.74467 0.027615 0.027615 1 3 0
8.74467 0.027615 0.027615 1 3 0
9.8188 0.0491402 0.0491402 2 3 0
9.81936 0.050468 0.050468 1 3 0
9.80298 0.0510205 0.0510205 2 3 0
9.78491 0.0514576 0.0514576 2 3 0
9.76432 0.0518708 0.0518708 2 3 0
9.74125 0.0522763 0.0522763 2 3 0
9.71559 0.0526838 0.0526838 2 3 0
9.68717 0.0530999 0.0530999 2 3 0
9.65573 0.05353 0.05353 2 3 0
9.60838 0.0541367 0.0541367 2 3 0
9.53705 0.0549887 0.0549887 2 3 0
9.45835 0.0558744 0.0558744 2 3 0
9.3716 0.0568097 0.0568097 2 3 0
9.27253 0.0578455 0.0578455 2 3 0
9.17334 0.058862 0.058862 2 3 0
9.07408 0.0598687 0.0598687 2 3 0
8.97475 0.0608719 0.0608719 2 3 0
8.87538 0.0618767 0.0618767 2 3 0
8.77596 0.0628868 0.0628868 2 3 0
8.67652 0.0639054 0.0639054 2 3 0
8.57706 0.0649352 0.0649352 2 3 0
8.47757 0.0659784 0.0659784 2 3 0
8.37806 0.0670373 0.0670373 2 3 0
8.27853 0.0681138 0.0681138 2 3 0
8.179 0.0692098 0.0692098 2 3 0
8.07944 0.0703269 0.0703269 2 3 0
7.97988 0.0714671 0.0714671 2 3 0
7.88031 0.0726319 0.0726319 2 3 0
7.78073 0.0738231 0.0738231 2 3 0
7.68114 0.0750425 0.0750425 2 3 0
7.58155 0.0762918 0.0762918 2 3 0
7.48195 0.0775729 0.0775729 2 3 0
7.38234 0.0788877 0.0788877 2 3 0
7.28273 0.0802381 0.0802381 2 3 0
7.18311 0.0816262 0.0816262 2 3 0
7.08349 0.0830542 0.0830542 2 3 0
6.98386 0.0845242 0.0845242 2 3 0
6.88424 0.0860388 0.0860388 2 3 0
6.7846 0.0876004 0.0876004 2 3 0
6.68497 0.0892117 0.0892117 2 3 0
6.58533 0.0908756 0.0908756 2 3 0
6.4857 0.0925951 0.0925951 2 3 0
6.38606 0.0943736 0.0943736 2 3 0
6.28641 0.0962143 0.0962143 2 3 0
6.18677 0.0981212 0.0981212 2 3 0
6.08713 0.100098 0.100098 2 3 0
5.98748 0.10215 0.10215 2 3 0
5.88784 0.10428 0.10428 2 3 0
5.7882 0.106495 0.106495 2 3 0
5.68855 0.1088 0.1088 2 3 0
5.58891 0.1112 0.1112 2 3 0
5.48927 0.113703 0.113703 2 3 0
5.38963 0.116315 0.116315 2 3 0
5.28999 0.119044 0.119044 2 3 0
5.19036 0.121899 0.121899 2 3 0
5.09073 0.124889 0.124889 2 3 0
4.9911 0.128024 0.128024 2 3 0
4.89148 0.131316 0.131316 2 3 0
4.79186 0.134777 0.134777 2 3 0
4.69225 0.138422 0.138422 2 3 0
4.59265 0.142267 0.142267 2 3 0
4.49306 0.146329 0.146329 2 3 0
4.39348 0.150628 0.150628 2 3 0
4.29391 0.155188 0.155188 2 3 0
4.19436 0.160032 0.160032 2 3 0
4.09482 0.165192 0.165192 2 3 0
3.99531 0.1707 0.1707 2 3 0
3.89582 0.176597 0.176597 2 3 0
3.79636 0.182927 0.182927 2 3 0
3.69693 0.189743 0.189743 2 3 0
3.59755 0.197111 0.197111 2 3 0
3.49822 0.205105 0.205105 2 3 0
3.39896 0.213819 0.213819 2 3 0
3.29979 0.223366 0.223366 2 3 0
3.20072 0.233888 0.233888 2 3 0
3.10179 0.245568 0.245568 2 3 0
3.00305 0.258646 0.258646 2 3 0
2.90458 0.273443 0.273443 2 3 0
2.80648 0.290419 0.290419 2 3 0
2.70895 0.310255 0.310255 2 3 0
2.61236 0.33406 0.33406 2 3 0
2.51753 0.363865 0.363865 2 3 0
2.42689 0.40429 0.40429 2 3 0
2.35443 0.471415 0.471415 2 3 0
2.34934 0.494944 0.494944 2 3 0
2.36843 0.540562 0.540562 1 3 0
2.40622 0.572995 0.572995 1 3 0
2.44963 0.597619 0.597619 1 3 0
2.49538 0.617666 0.617666 1 3 0
2.54711 0.636261 0.636261 1 3 0
2.60499 0.653784 0.653784 1 3 0
2.66939 0.670475 0.670475 1 3 0
2.74081 0.686489 0.686489 1 3 0
2.81983 0.70193 0.70193 1 3 0
2.90713 0.716865 0.716865 1 3 0
3.00348 0.73134 0.73134 1 3 0
3.10261 0.744493 0.744493 1 3 0
3.20191 0.756246 0.756246 1 3 0
3.30134 0.766838 0.766838 1 3 0
3.40088 0.776453 0.776453 1 3 0
3.50049 0.785233 0.785233 1 3 0
3.60017 0.793292 0.793292 1 3 0
3.69989 0.800724 0.800724 1 3 0
3.79965 0.807603 0.807603 1 3 0
3.89944 0.813994 0.813994 1 3 0
3.99927 0.81995 0.81995 1 3 0
4.09911 0.825517 0.825517 1 3 0
4.19897 0.830733 0.830733 1 3 0
4.29885 0.835632 0.835632 1 3 0
4.39875 0.840244 0.840244 1 3 0
4.49865 0.844594 0.844594 1 3 0
4.59857 0.848705 0.848705 1 3 0
4.69849 0.852597 0.852597 1 3 0
4.79842 0.856287 0.856287 1 3 0
4.89836 0.859792 0.859792 1 3 0
4.99831 0.863125 0.863125 1 3 0
5.09826 0.866299 0.866299 1 3 0
5.19821 0.869325 0.869325 1 3 0
5.29817 0.872214 0.872214 1 3 0
5.39813 0.874975 0.874975 1 3 0
5.49809 0.877617 0.877617 1 3 0
5.59806 0.880148 0.880148 1 3 0
5.69803 0.882573 0.882573 1 3 0
5.79801 0.884901 0.884901 1 3 0
5.89798 0.887137 0.887137 1 3 0
5.99796 0.889285 0.889285 1 3 0
6.09794 0.891353 0.891353 1 3 0
6.19792 0.893343 0.893343 1 3 0
6.2979 0.895261 0.895261 1 3 0
6.39788 0.897109 0.897109 1 3 0
6.49787 0.898893 0.898893 1 3 0
6.59785 0.900616 0.900616 1 3 0
6.69784 0.902279 0.902279 1 3 0
6.79782 0.903888 0.903888 1 3 0
6.89781 0.905443 0.905443 1 3 0
6.9978 0.906949 0.906949 1 3 0
7.09779 0.908407 0.908407 1 3 0
7.19778 0.909819 0.909819 1 3 0
7.29777 0.911188 0.911188 1 3 0
7.39776 0.912516 0.912516 1 3 0
7.49775 0.913804 0.913804 1 3 0
7.59775 0.915054 0.915054 1 3 0
7.69774 0.916269 0.916269 1 3 0
7.79773 0.917448 0.917448 1 3 0
7.89772 0.918595 0.918595 1 3 0
7.99772 0.91971 0.91971 1 3 0
8.09771 0.920795 0.920795 1 3 0
8.19771 0.92185 0.92185 1 3 0
8.2977 0.922878 0.922878 1 3 0
8.3977 0.923879 0.923879 1 3 0
8.49769 0.924854 0.924854 1 3 0
8.59769 0.925804 0.925804 1 3 0
8.69768 0.92673 0.92673 1 3 0
8.79768 0.927633 0.927633 1 3 0
8.89767 0.928514 0.928514 1 3 0
8.99767 0.929374 0.929374 1 3 0
9.09767 0.930213 0.930213 1 3 0
9.19766 0.931033 0.931033 1 3 0
9.29766 0.931833 0.931833 1 3 0
9.39766 0.932615 0.932615 1 3 0
9.49766 0.933378 0.933378 1 3 0
9.59765 0.934125 0.934125 1 3 0
9.69765 0.934855 0.934855 1 3 0
9.79765 0.935569 0.935569 1 3 0
9.89764 0.936268 0.936268 1 3 0
9.99764 0.936951 0.936951 1 3 0
10.0976 0.93762 0.93762 1 3 0
10.1976 0.938275 0.938275 1 3 0
10.2976 0.938916 0.938916 1 3 0
10.3976 0.939544 0.939544 1 3 0
10.4976 0.940159 0.940159 1 3 0
10.5976 0.940761 0.940761 1 3 0
10.6976 0.941352 0.941352 1 3 0
10.7976 0.94193 0.94193 1 3 0
10.8976 0.942498 0.942498 1 3 0
10.9976 0.943054 0.943054 1 3 0
11.0976 0.9436 0.9436 1 3 0
11.1976 0.944135 0.944135 1 3 0
11.2976 0.944661 0.944661 1 3 0
11.3976 0.945176 0.945176 1 3 0
11.4976 0.945682 0.945682 1 3 0
11.5976 0.946178 0.946178 1 3 0
11.6976 0.946666 0.946666 1 3 0
11.7976 0.947145 0.947145 1 3 0
11.8976 0.947615 0.947615 1 3 0
11.9976 0.948077 0.948077 1 3 0
12.0976 0.948531 0.948531 1 3 0
12.1976 0.948976 0.948976 1 3 0
12.2976 0.949415 0.949415 1 3 0
12.3976 0.949845 0.949845 1 3 0
12.4976 0.950269 0.950269 1 3 0
12.5976 0.950685 0.950685 1 3 0
12.6976 0.951095 0.951095 1 3 0
12.7976 0.951497 0.951497 1 3 0
12.8976 0.951893 0.951893 1 3 0
12.9976 0.952283 0.952283 1 3 0
13.0976 0.952666 0.952666 1 3 0
13.1976 0.953043 0.953043 1 3 0
13.2976 0.953415 0.953415 1 3 0
13.3976 0.95378 0.95378 1 3 0
0.3 0.0389948 0.0389948 2 1 0
0.260077 0.0389006 0.0389006 1 1 0
0.3 0.0389948 0.0389948 2 1 0
0.339905 0.0390998 0.0390998 1 1 0
0.369819 0.0391868 0.0391868 1 1 0
0.414658 0.0393332 0.0393332 1 1 0
0.46392 0.0395215 0.0395215 1 1 0
0.517994 0.0397723 0.0397723 1 1 0
0.577238 0.0401232 0.0401232 1 1 0
0.641826 0.0406532 0.0406532 1 1 0
0.710996 0.0415661 0.0415661 1 1 0
0.771888 0.043334 0.043334 1 1 0
0.79331 0.0461425 0.0461425 2 1 0
0.774844 0.0501934 0.0501934 2 1 0
0.738876 0.0544851 0.0544851 2 1 0
0.696541 0.0592142 0.0592142 2 1 0
0.646448 0.0651695 0.0651695 2 1 0
0.589023 0.0729962 0.0729962 2 1 0
0.524297 0.0838094 0.0838094 2 1 0
0.456388 0.0986707 0.0986707 2 1 0
0.388561 0.119438 0.119438 2 1 0
0.322342 0.150081 0.150081 2 1 0
0.261349 0.197218 0.197218 2 1 0
0.261349 0.197218 0.197218 2 1 0
0.240091 0.222229 0.222229 2 1 0
0.229498 0.237597 0.237597 2 1 0
0.21888 0.25576 0.25576 2 1 0
0.208547 0.277124 0.277124 2 1 0
0.198874 0.302058 0.302058 2 1 0
0.261349 0.197218 0.197218 2 1 0
0.240091 0.222229 0.222229 2 1 0
0.229498 0.237597 0.237597 2 1 0
0.21888 0.25576 0.25576 2 1 0
0.208547 0.277124 0.277124 2 1 0
0.198874 0.302058 0.302058 2 1 0
0.261349 0.197218 0.197218 2 1 0
0.240091 0.222229 0.222229 2 1 0
0.229498 0.237597 0.237597 2 1 0
0.21888 0.25576 0.25576 2 1 0
0.208547 0.277124 0.277124 2 1 0
0.198874 0.302058 0.302058 2 1 0
0.261349 0.197218 0.197218 2 1 0
0.240091 0.222229 0.222229 2 1 0
0.229498 0.237597 0.237597 2 1 0
0.21888 0.25576 0.25576 2 1 0
0.208547 0.277124 0.277124 2 1 0
0.198874 0.302058 0.302058 2 1 0
0.261349 0.197218 0.197218 2 1 0
0.240091 0.222229 0.222229 2 1 0
0.229498 0.237597 0.237597 2 1 0
0.21888 0.25576 0.25576 2 1 0
0.208547 0.277124 0.277124 2 1 0
0.198874 0.302058 0.302058 2 1 0
0.261349 0.197218 0.197218 2 1 0
0.240091 0.222229 0.222229 2 1 0
0.229498 0.237597 0.237597 2 1 0
0.21888 0.25576 0.25576 2 1 0
0.208547 0.277124 0.277124 2 1 0
0.198874 0.302058 0.302058 2 1 0
0.261349 0.197218 0.197218 2 1 0
0.240091 0.222229 0.222229 2 1 0
0.229498 0.237597 0.237597 2 1 0
0.21888 0.25576 0.25576 2 1 0
0.208547 0.277124 0.277124 2 1 0
0.198874 0.302058 0.302058 2 1 0
0.261349 0.197218 0.197218 2 1 0
0.240091 0.222229 0.222229 2 1 0
0.229498 0.237597 0.237597 2 1 0
0.21888 0.25576 0.25576 2 1 0
0.208547 0.277124 0.277124 2 1 0
0.198874 0.302058 0.302058 2 1 0
0.261349 0.197218 0.197218 2 1 0
0.240091 0.222229 0.222229 2 1 0
0.229498 0.237597 0.237597 2 1 0
0.21888 0.25576 0.25576 2 1 0
0.208547 0.277124 0.277124 2 1 0
0.198874 0.302058 0.302058 2 1 0
0.322342 0.150081 0.150081 2 1 0
0.297025 0.166483 0.166483 2 1 0
0.283582 0.176804 0.176804 2 1 0
0.269313 0.189349 0.189349 2 1 0
0.254397 0.204692 0.204692 2 1 0
0.239145 0.223509 0.223509 2 1 0
0.224041 0.246531 0.246531 2 1 0
0.209736 0.274431 0.274431 2 1 0
0.196988 0.307712 0.307712 2 1 0
0.261349 0.197218 0.197218 2 1 0
0.240091 0.222229 0.222229 2 1 0
0.229498 0.237597 0.237597 2 1 0
0.21888 0.25576 0.25576 2 1 0
0.208547 0.277124 0.277124 2 1 0
0.198874 0.302058 0.302058 2 1 0
0.261349 0.197218 0.197218 2 1 0
0.240091 0.222229 0.222229 2 1 0
0.229498 0.237597 0.237597 2 1 0
0.21888 0.25576 0.25576 2 1 0
0.208547 0.277124 0.277124 2 1 0
0.198874 0.302058 0.302058 2 1 0
0.261349 0.197218 0.197218 2 1 0
0.240091 0.222229 0.222229 2 1 0
0.229498 0.237597 0.237597 2 1 0
0.21888 0.25576 0.25576 2 1 0
0.208547 0.277124 0.277124 2 1 0
0.198874 0.302058 0.302058 2 1 0
0.261349 0.197218 0.197218 2 1 0
0.240091 0.222229 0.222229 2 1 0
0.229498 0.237597 0.237597 2 1 0
0.21888 0.25576 0.25576 2 1 0
0.208547 0.277124 0.277124 2 1 0
0.198874 0.302058 0.302058 2 1 0
0.261349 0.197218 0.197218 2 1 0
0.240091 0.222229 0.222229 2 1 0
0.229498 0.237597 0.237597 2 1 0
0.21888 0.25576 0.25576 2 1 0
0.208547 0.277124 0.277124 2 1 0
0.198874 0.302058 0.302058 2 1 0
0.261349 0.197218 0.197218 2 1 0
0.240091 0.222229 0.222229 2 1 0
0.229498 0.237597 0.237597 2 1 0
0.21888 0.25576 0.25576 2 1 0
0.208547 0.277124 0.277124 2 1 0
0.198874 0.302058 0.302058 2 1 0
0.261349 0.197218 0.197218 2 1 0
0.240091 0.222229 0.222229 2 1 0
0.229498 0.237597 0.237597 2 1 0
0.21888 0.25576 0.25576 2 1 0
0.208547 0.277124 0.277124 2 1 0
0.198874 0.302058 0.302058 2 1 0
0.4 0.438491 0.438491 2 1 0
0.428393 0.420939 0.420939 1 1 0
0.444351 0.411536 0.411536 1 1 0
0.462189 0.401421 0.401421 1 1 0
0.482158 0.390582 0.390582 1 1 0
0.50454 0.379024 0.379024 1 1 0
0.529655 0.366764 0.366764 1 1 0
0.55786 0.353835 0.353835 1 1 0
0.571936 0.347695 0.347695 2 1 0
0.603925 0.334465 0.334465 2 1 0
0.4 0.438491 0.438491 2 1 0
0.372361 0.456537 0.456537 1 1 0
0.352072 0.470298 0.470298 1 1 0
0.330108 0.485521 0.485521 1 1 0
0.306225 0.502113 0.502113 1 1 0
0.279965 0.519569 0.519569 1 1 0
0.250309 0.535978 0.535978 1 1 0
0.214989 0.542035 0.542035 1 1 0
0.1871 0.511105 0.511105 1 1 0
0.1871 0.511105 0.511105 2 1 0
0.178884 0.473353 0.473353 1 1 0
0.177243 0.451929 0.451929 1 1 0
0.176936 0.436903 0.436903 2 1 0
0.177629 0.413339 0.413339 2 1 0
0.181047 0.378367 0.378367 2 1 0
0.187888 0.340813 0.340813 2 1 0
0.199148 0.301264 0.301264 2 1 0
0.216164 0.260966 0.260966 2 1 0
0.240269 0.22199 0.22199 2 1 0
0.269046 0.189603 0.189603 2 1 0
0.301078 0.163613 0.163613 2 1 0
0.335108 0.143002 0.143002 2 1 0
0.373837 0.12512 0.12512 2 1 0
0.417227 0.109713 0.109713 2 1 0
0.465313 0.0964454 0.0964454 2 1 0
0.518157 0.0849806 0.0849806 2 1 0
0.575744 0.0750144 0.0750144 2 1 0
0.637745 0.0662749 0.0662749 2 1 0
0.603925 0.334465 0.334465 2 1 0
0.603925 0.334465 0.334465 2 1 0
0.603925 0.334465 0.334465 2 1 0
0.637412 0.321611 0.321611 2 1 0
0.656094 0.314846 0.314846 2 1 0
0.676848 0.307649 0.307649 2 1 0
0.699909 0.30002 0.30002 2 1 0
0.72554 0.291967 0.291967 2 1 0
0.754027 0.283503 0.283503 2 1 0
0.78569 0.27465 0.27465 2 1 0
0.820877 0.265436 0.265436 2 1 0
0.85997 0.255899 0.255899 2 1 0
0.903386 0.246082 0.246082 2 1 0
0.951579 0.236037 0.236037 2 1 0
1.00504 0.225819 0.225819 2 1 0
1.06431 0.215489 0.215489 2 1 0
1.12998 0.20511 0.20511 2 1 0
1.20267 0.194744 0.194744 2 1 0
1.28308 0.184453 0.184453 2 1 0
1.37196 0.174297 0.174297 2 1 0
1.46909 0.16443 0.16443 2 1 0
1.56654 0.155616 0.155616 2 1 0
1.66425 0.147702 0.147702 2 1 0
1.76217 0.14056 0.14056 2 1 0
1.86025 0.134086 0.134086 2 1 0
1.95847 0.128193 0.128193 2 1 0
2.05679 0.122807 0.122807 2 1 0
2.15521 0.117867 0.117867 2 1 0
2.25371 0.113322 0.113322 2 1 0
2.35226 0.109126 0.109126 2 1 0
2.45088 0.105242 0.105242 2 1 0
2.54954 0.101638 0.101638 2 1 0
2.64824 0.0982843 0.0982843 2 1 0
2.74697 0.0951573 0.0951573 2 1 0
2.84574 0.0922355 0.0922355 2 1 0
2.94453 0.0894999 0.0894999 2 1 0
3.04335 0.0869343 0.0869343 2 1 0
3.1422 0.0845239 0.0845239 2 1 0
3.24106 0.0822559 0.0822559 2 1 0
3.33994 0.0801189 0.0801189 2 1 0
3.43883 0.0781027 0.0781027 2 1 0
3.53774 0.0761981 0.0761981 2 1 0
3.63667 0.074397 0.074397 2 1 0
3.73561 0.0726921 0.0726921 2 1 0
3.83456 0.0710769 0.0710769 2 1 0
3.93352 0.0695453 0.0695453 2 1 0
4.03249 0.068092 0.068092 2 1 0
4.13147 0.0667123 0.0667123 2 1 0
4.23045 0.0654017 0.0654017 2 1 0
4.32944 0.0641562 0.0641562 2 1 0
4.42844 0.0629724 0.0629724 2 1 0
4.52744 0.0618468 0.0618468 2 1 0
4.62645 0.0607765 0.0607765 2 1 0
4.72545 0.0597588 0.0597588 2 1 0
4.82446 0.0587913 0.0587913 2 1 0
4.92346 0.0578717 0.0578717 2 1 0
5.02246 0.0569979 0.0569979 2 1 0
5.12145 0.0561681 0.0561681 2 1 0
5.22043 0.0553805 0.0553805 2 1 0
5.3194 0.0546334 0.0546334 2 1 0
5.41835 0.0539254 0.0539254 2 1 0
5.51729 0.0532552 0.0532552 2 1 0
5.6162 0.0526213 0.0526213 2 1 0
5.71509 0.0520226 0.0520226 2 1 0
5.81395 0.0514578 0.0514578 2 1 0
5.91277 0.0509258 0.0509258 2 1 0
6.01156 0.0504255 0.0504255 2 1 0
6.11032 0.0499558 0.0499558 2 1 0
6.20903 0.0495156 0.0495156 2 1 0
6.30769 0.0491039 0.0491039 2 1 0
6.40632 0.0487195 0.0487195 2 1 0
6.50489 0.0483616 0.0483616 2 1 0
6.60342 0.0480289 0.0480289 2 1 0
6.70191 0.0477206 0.0477206 2 1 0
6.80035 0.0474355 0.0474355 2 1 0
6.89874 0.0471727 0.0471727 2 1 0
6.9971 0.0469312 0.0469312 2 1 0
7.09542 0.0467101 0.0467101 2 1 0
0.571936 0.347695 0.347695 4 2 0
0.569661 0.362904 0.332195 4 2 0
0.562747 0.378527 0.315465 4 2 0
0.552578 0.393186 0.298486 4 2 0
0.540166 0.40726 0.280182 4 2 0
0.526194 0.421064 0.259054 4 2 0
0.511543 0.434561 0.233455 4 2 0
0.497709 0.447114 0.202564 4 2 0
0.487465 0.456619 0.172302 4 2 0
0.480756 0.463037 0.147347 4 2 0
0.476576 0.467121 0.129001 4 2 0
0.474004 0.469694 0.116228 4 2 0
0.472444 0.471243 0.107632 4 2 0
0.471528 0.472166 0.102073 4 2 0
0.471022 0.472684 0.0986792 4 2 0
0.470766 0.472952 0.096769 4 2 0
0.470651 0.473077 0.0958048 4 2 0
0.470607 0.473122 0.0953823 4 2 0
0.470594 0.473124 0.0952282 4 2 0
0.47059 0.473083 0.0951841 4 2 0
0.47059 0.473121 0.095175 4 2 0
0.47059 0.473139 0.0951738 4 2 0
0.47059 0.473139 0.0951737 4 2 0
0.47059 0.47305 0.0951737 4 2 0
0.47059 0.473106 0.0951737 4 2 0
0.47059 0.473077 0.0951737 4 2 0
0.47059 0.473109 0.0951737 4 2 0
0.47059 0.473139 0.0951737 4 2 0
0.47059 0.473133 0.0951737 4 2 0
0.47059 0.473058 0.0951737 4 2 0
0.47059 0.473118 0.0951737 4 2 0
0.47059 0.473139 0.0951737 4 2 0
0.47059 0.473102 0.0951737 4 2 0
0.47059 0.473123 0.0951737 4 2 0
0.47059 0.473139 0.0951737 4 2 0
0.47059 0.473136 0.0951737 4 2 0
0.47059 0.473127 0.0951737 4 2 0
0.47059 0.473121 0.0951737 4 2 0
0.47059 0.473134 0.0951737 4 2 0
0.47059 0.473104 0.0951737 4 2 0
0.47059 0.473123 0.0951737 4 2 0
0.47059 0.47308 0.0951737 4 2 0
0.47059 0.473101 0.0951736 4 2 0
0.47059 0.473121 0.0951737 4 2 0
0.47059 0.473138 0.0951737 4 2 0
0.47059 0.473074 0.0951737 4 2 0
0.47059 0.473075 0.0951737 4 2 0
0.47059 0.473139 0.0951737 4 2 0
0.47059 0.473139 0.0951737 4 2 0
0.47059 0.473106 0.0951737 4 2 0
0.47059 0.473139 0.0951737 4 2 0
0.47059 0.473105 0.0951737 4 2 0
0.47059 0.473068 0.0951737 4 2 0
0.47059 0.473127 0.0951737 4 2 0
0.47059 0.473105 0.0951737 4 2 0
0.47059 0.473084 0.0951737 4 2 0
0.47059 0.473138 0.0951737 4 2 0
0.47059 0.473116 0.0951736 4 2 0
0.47059 0.473112 0.0951736 4 2 0
0.47059 0.47311 0.0951737 4 2 0
0.47059 0.473124 0.0951736 4 2 0
0.47059 0.473044 0.0951737 4 2 0
0.47059 0.473092 0.0951737 4 2 0
0.47059 0.473139 0.0951735 4 2 0
0.47059 0.473139 0.0951736 4 2 0
0.47059 0.473133 0.0951736 4 2 0
0.47059 0.473136 0.0951736 4 2 0
0.47059 0.473082 0.0951737 4 2 0
0.47059 0.473098 0.0951737 4 2 0
0.47059 0.473102 0.0951736 4 2 0
0.47059 0.473125 0.0951736 4 2 0
0.47059 0.473074 0.0951737 4 2 0
0.47059 0.473115 0.0951735 4 2 0
0.47059 0.473119 0.0951737 4 2 0
0.47059 0.473135 0.0951737 4 2 0
0.47059 0.47309 0.0951736 4 2 0
0.47059 0.473118 0.0951737 4 2 0
0.47059 0.473051 0.0951737 4 2 0
0.47059 0.473139 0.0951736 4 2 0
0.47059 0.473135 0.0951736 4 2 0
0.47059 0.473129 0.0951737 4 2 0
0.47059 0.473131 0.0951736 4 2 0
0.47059 0.473088 0.0951736 4 2 0
0.47059 0.473115 0.0951737 4 2 0
0.47059 0.473059 0.0951735 4 2 0
0.47059 0.473091 0.0951736 4 2 0
0.47059 0.473135 0.0951737 4 2 0
0.47059 0.473105 0.0951736 4 2 0
0.47059 0.473119 0.0951737 4 2 0
0.47059 0.473139 0.0951737 4 2 0
0.47059 0.47313 0.0951736 4 2 0
0.47059 0.473067 0.0951737 4 2 0
0.47059 0.473113 0.0951737 4 2 0
0.47059 0.47308 0.0951737 4 2 0
0.47059 0.473138 0.0951737 4 2 0
0.47059 0.473062 0.0951737 4 2 0
0.47059 0.473111 0.0951736 4 2 0
0.47059 0.473136 0.0951737 4 2 0
0.47059 0.473124 0.0951737 4 2 0
0.47059 0.473139 0.0951736 4 2 0
0.47059 0.473135 0.0951736 4 2 0
0.47059 0.47312 0.0951737 4 2 0
0.47059 0.473136 0.0951736 4 2 0
0.47059 0.473032 0.0951737 4 2 0
0.47059 0.473075 0.0951737 4 2 0
0.47059 0.473129 0.0951736 4 2 0
0.47059 0.473135 0.0951737 4 2 0
0.47059 0.473021 0.0951737 4 2 0
0.47059 0.473139 0.0951736 4 2 0
0.47059 0.473134 0.0951737 4 2 0
0.47059 0.473136 0.0951737 4 2 0
0.47059 0.47308 0.0951736 4 2 0
0.47059 0.473128 0.0951737 4 2 0
0.47059 0.473043 0.0951737 4 2 0
0.47059 0.473139 0.0951736 4 2 0
0.47059 0.473111 0.0951736 4 2 0
0.47059 0.473129 0.0951737 4 2 0
0.47059 0.473139 0.0951736 4 2 0
0.47059 0.473097 0.0951736 4 2 0
0.47059 0.473139 0.0951736 4 2 0
0.47059 0.473137 0.0951733 4 2 0
0.47059 0.47307 0.0951735 4 2 0
0.47059 0.473024 0.0951736 4 2 0
0.47059 0.473077 0.095173 4 2 0
0.47059 0.47302 0.0951735 4 2 0
0.47059 0.473063 0.0951735 4 2 0
0.47059 0.473045 0.0951511 4 2 0
0.47059 0.473125 0.0951667 4 2 0
0.47059 0.47305 0.0951727 4 2 0
0.47059 0.473133 0.0951715 4 2 0
0.47059 0.472962 0.0951735 4 2 0
0.47059 0.473025 0.0951735 4 2 0
0.47059 0.473119 0.0951729 4 2 0
0.47059 0.473045 0.0951735 4 2 0
0.47059 0.473061 0.0951736 4 2 0
0.47059 0.473114 0.0951668 4 2 0
0.47059 0.473083 0.0951711 4 2 0
0.47059 0.473117 0.0951725 4 2 0
0.47059 0.473038 0.095159 4 2 0
0.47059 0.473094 0.0951667 4 2 0
0.47059 0.473109 0.0951675 4 2 0
0.47059 0.472894 0.0951647 4 2 0
